0.05872709239709561
0.027034184457092148
0.05008605194355673
-0.01847188061264661
0.1796636550116932
0.08528037206493261
-0.04493141858966296
-0.1908826775723406
0.061701027475182135
-0.0010362551816998132
0.14066671343673778
0.14353045501575157
0.06550011611860818
-0.005206707610842489
0.01550140611814453
-0.08619073855399306
-0.05311468693929716
-0.02510947412098352
0.06651619550284626
0.05484170165288706
0.09012130153260077
0.038731352880654275
0.05963437359837046
0.08844060668238893
-0.007741171525785986