-5.4458
-5.46135380380961
-5.499770934888812
-5.560242947715489
-5.6420448938620105
-5.744524351609653
-5.8670869915651505
-6.0091787382208945
-6.170264530916016
-6.349803652098845
-6.547221584625059
-6.761878392775316
-6.993033704791331
-7.239808520097959
-7.501144284325173
-7.775759980817311
-8.062108385865166
-8.358333126563554
-8.662228753324927
-8.971206664756904
-9.282270349050604
-9.592003954046112
-9.896578559723267
-10.191780569341866
-10.473066214047751
-10.735645146492429
-10.974594391986349
-11.185001525257075
-11.362132964541564
-11.501619988553756
-11.599651897664142
-11.65316317353688
-11.660000074972139
-11.61905227766532
-11.530337139958185
-11.395027866955756
-11.215421833969776
-10.994850930527374
-10.737541176891172
-10.44843326360387
-10.132978490095542
-9.79692555851113
-9.446112875032783
-9.086278763984279
-8.72289882221188
-8.361056091314698
-8.005346300337145
-7.659817497359296
-7.327941153706096
-7.012610351557248
-6.716159904212368
-6.440403087292157
-6.186679926929542
-5.955912545299357
-5.748663771496197
-5.565195982142701
-5.405527866894477
-5.269487472343838
-5.156760439037954
-5.066932802075587
-4.9995280786360485
-4.954038624973538
-4.929951423279856
-4.926768568768496
-4.944022782327365
-4.981288285890429
-5.038187356538207
-5.114392829972816
-5.2096267618057555
-5.323655382400963
-5.45628040355793
-5.607326658647461
-5.776625987786902
-5.963997222953625
-6.1692220926295676
-6.3920168615306
-6.631999560310702
-6.888652757336925
-7.161281996358737
-7.448970288091791
-7.7505294178444295
-8.064449329192346
-8.388847470943185
-8.72142074211055
-9.059403505500278
-9.39953600148769
-9.73804827707618
-10.070665305689035
-10.392639125516293
-10.698813360955901
-10.983724214656164
-11.241739787504688
-11.467236381039967
-11.654806421988537
-11.799488203268414
-11.897003357753475
-11.943984617789903
-11.93817472781492
-11.878577967264729
-11.76554885743984
-11.600808051010604
-11.387382437634574
-11.129474084945068
-10.832269579811443
-10.501706585817615
-10.144217300040374
-9.766468772753957
-9.375118020205829
-8.976596136731017
-8.576930988363092
-8.181613318185976
-7.795506831296049
-7.4227994474912675
-7.066990577048119
-6.730907965895244
-6.416747222615558
-6.126127370529727
-5.8601564424188455
-5.61950205527877
-5.404462910568107
-5.215038149612855
-5.050992383528635
-4.911914975186621
-4.7972727649507
-4.706455905995637
-4.63881682232921
-4.59370254104392
-4.570480798808369
-4.568560399237707
-4.58740631859386
-4.626550035837197
-4.685595510489427
-4.764221156952406
-4.8621780738946265
-4.979284687718827
-5.1154178647367035
-5.270500441944439
-5.444485025912105
-5.637333818852184
-5.848994157565034
-6.079369404105358
-6.328284819104111
-6.595448095755804
-6.88040435454512
-7.18248561963553
-7.500755143999191
-7.8339474486185
-8.180405614037124
-8.538018221586114
-8.904159377027206
-9.275636417611091
-9.648651113181218
-10.018781270817113
-10.38099042129748
-10.729673424564874
-11.05874506766724
-11.361776751382815
-11.632182984013046
-11.863454639761107
-12.049430109547174
-12.184589237673677
-12.264349278872695
-12.28533818177444
-12.245619388599348
-12.144844744689914
-11.984318105667441
-11.76696112426831
-11.497183129227015
-11.180667231425671
-10.824093103440596
-10.43482201944562
-10.020571166648963
-9.589102162747569
-9.147943960183834
-8.704164038570415
-8.264195157173127
-7.833718922479884
-7.417602644461006
-7.019882675316219
-6.643785617989955
-6.2917782354240535
-5.965637269054723
-5.666531357922017
-5.395108549488683
-5.151584286522254
-4.935826087588762
-4.747432320168464
-4.585803451895747
-4.450204947701622
-4.339821570729462
-4.253803266220266
-4.191303087968987
-4.151507794277188
-4.133661819894223
-4.1370853438953015
-4.161187138453791
-4.205472813904391
-4.269548981908945
-4.353123748704926
-4.456003829938675
-4.578088451471115
-4.7193600697908415
-4.879871813850282
-5.059731420024506
-5.25908130713804
-5.478074324452951
-5.716844610097838
-5.975472932208837
-6.253945866357193
-6.552108212766144
-6.869608204082508
-7.205835334491523
-7.5598510947335456
-7.930313568364959
-8.315397771490765
-8.712714825330483
-9.11923453166562
-9.531217616927211
-9.944165686860618
-10.352798557198659
-10.75106975257604
-11.13223115181918
-11.488956506369101
-11.813530418148794
-12.098104071858184
-12.335011675608287
-12.517132789458222
-12.638276706624916
-12.693557463477733
-12.679723728441989
-12.595408293540746
-12.44126789207369
-12.219995141904791
-11.936198891142299
-11.596164562724715
-11.207519459467663
-10.77883709888369
-10.319218250855753
-9.837884468757213
-9.343813642985648
-8.845438217817266
-8.350417072781445
-7.865483245524324
-7.396362684629803
-6.947754500776467
-6.523360681405866
-6.125952582955914
-5.757462210081668
-5.419087820948168
-5.111405325199461
-4.834478941277684
-4.587966440016405
-4.371215905269028
-4.183352244508002
-4.0233526848050225
-3.89011122154203
-3.7824924903076895
-3.6993758512781065
-3.6396906517574723
-3.6024437026853646
-3.5867399985108563
-3.5917976502228766
-3.616957906151086
-3.6616910172461683
-3.7255985718465308
-3.8084127853024476
-3.909993085773902
-4.03032019083724
-4.169487720850052
-4.327691244302859
-4.505214497478961
-4.7024123659757775
-4.919690060537558
-5.157477767845052
-5.416199915302887
-5.696238069073402
-5.997886404697508
-6.321298676116045
-6.666425698660123
-7.032942603465667
-7.420165575911583
-7.826958530360052
-8.251631272782294
-8.691832227916077
-9.144440794062243
-9.605466809739122
-10.069967341435643
-10.531993749714257
-10.984584292203937
-11.419818707992597
-11.828950477916498
-12.202628929164247
-12.531216423879071
-12.80519543913498
-13.015647150156658
-13.154768938677627
-13.21638576441091
-13.196402706897079
-13.093145961944366
-12.907548555499373
-12.643154328389855
-12.30593646037788
-11.90395050589789
-11.446861859063873
-10.945400053308916
-10.410795644871747
-9.854250190807436
-9.286478334297946
-8.717346420121949
-8.155617441858654
-7.6087997493288295
-7.083088044688671
-6.583380014811155
-6.113350035791884
-5.6755619308157135
-5.2716048747596425
-4.902239433037461
-4.567543805723767
-4.267053233953217
-3.9998880037201783
-3.7648674732445735
-3.5606090598183875
-3.3856122035686314
-3.2383280520774105
-3.117216057404186
-3.020788915240095
-2.947647363304706
-2.896506339464165
-2.8662139151888626
-2.855764293243876
-2.864306008647127
-2.891146311697518
-2.935752549468238
-2.9977512023519273
-3.0769250772532764
-3.173209009173398
-3.2866842771367195
-3.4175717965624335
-3.566224005439042
-3.7331152127350586
-3.918830020942446
-4.124049267322069
-4.349532747919824
-4.596097793959577
-4.864592563754632
-5.155862701165098
-5.470709806872941
-5.809839994013138
-6.173800691058691
-6.5629038661253265
-6.9771340539856554
-7.41604007142086
-7.878610234947625
-8.363132393349705
-8.867042303059243
-9.386766921035544
-9.917573090252013
-10.453436697027357
-10.986952263379619
-11.509307306793376
-12.010348439340577
-12.478765516509078
-12.90241450711509
-13.26878784446301
-13.565622604430756
-13.781613471093673
-13.907172781619142
-13.935159528830791
-13.861489211567823
-13.685541682706292
-13.410306063682205
-13.042237181317526
-12.590839492992929
-12.068032741473878
-11.487380262484564
-10.863271187000413
-10.210141655221003
-9.541801528532726
-8.870908023587695
-8.208602274879036
-7.564303575592809
-6.945641275771237
-6.3584963504752485
-5.8071224461437865
-5.2943181011478515
-4.821626102236545
-4.389541166678442
-3.9977123418549603
-3.6451311115047433
-3.330299934542226
-3.0513787788153666
-2.8063092326438133
-2.592917121241039
-2.4089953745117447
-2.2523693260395166
-2.120946786137646
-2.012755215210079
-1.9259681948532954
-1.858923201432188
-1.8101324636154643
-1.778288453703122
-1.7622653365765426
-1.7611174881047285
-1.7740760012591976
-1.800543924750681
-1.8400908256198207
-1.8924471325964733
-1.9574985990769707
-2.035281120580549
-2.1259760484434533
-2.229906055855363
-2.3475315303705684
-2.479447384609902
-2.6263800894661973
-2.789184636703239
-2.9688410248036736
-3.1664497270881795
-3.3832254377602884
-3.6204881925418206
-3.8796507189788487
-4.162200581347716
-4.469675342966848
-4.803628576322852
-5.165584119512
-5.556975531766636
-5.979067290147218
-6.432853976849285
-6.918933662595253
-7.437352088881289
-7.987415356902554
-8.567470986019387
-9.174660807326191
-9.804654600616828
-10.451380929336574
-11.106781206731181
-11.760623941972046
-12.40042671913022
-13.011540905445392
-13.577454369007114
-14.080356088150701
-14.501979833253143
-14.824701503877096
-15.032810850879802
-15.113824117670664
-15.059665266013134
-14.867535661552441
-14.540324578829948
-14.086482728975422
-13.519372171837242
-12.856194295473832
-12.116659853485562
-11.321587756932939
-10.49160232109066
-9.646053229214912
-8.802225114202088
-7.974849635572181
-7.175892106982414
-6.41456062268491
-5.697476804706276
-5.028949671069313
-4.411303059982121
-3.845218604446287
-3.330067732991003
-2.864216073808773
-2.4452913789931077
-2.070411663168721
-1.7363739670333969
-1.4398064169967806
-1.1772874550890395
-0.945436595462219
-0.7409810853754824
-0.5608025976353199
-0.4019676867375092
-0.2617452861503989
-0.13761406098084966
-0.02726198862131643
0.07141986433027457
0.16034776065506845
0.24125861265483206
0.3157251798981343
0.38517234948999174
0.4508938954618119
0.5140692725496445
0.5757801294326617
0.6370263313603026
0.6987413656100108
0.7618070686262618
0.8270676638435408
0.8953431365388981
0.9674419986389864
1.0441735138641228
1.1263594631636118
1.2148455329019174
1.3105124040774818
1.414286609906714
1.5271512107702416
1.6501563085765498
1.7844293851141853
1.9311853981428946
2.0917365009788873
2.2675011610570337
2.4600123337788986
2.6709241914631177
2.9020167029486226
3.1551970947269625
3.432496884685377
3.736062748419833
4.0681389393676834
4.431038324300062
4.827098309669968
5.258617033475153
5.727764224049522
6.236460175730557
6.78621553719554
7.377924346636457
8.011603437586778
8.686073641075108
9.398582997268612
10.144380488167462
10.916261593160444
11.704124776363312
12.494600219002463
13.270836012341606
14.012546909414382
14.696437497837199
15.297093940220659
15.788386120377
16.145332252294146
16.3462617652008
16.37499772454745
16.222707519495557
15.889077662980188
15.382570497202675
14.719696929579479
13.923437839761014
13.021105169559602
12.042007137617507
11.015260711962366
9.968002161723852
8.924124098831495
7.903553492620281
6.922003484735841
5.991089092976948
5.118687315500679
4.309434471793616
3.5652765669663466
2.886013600993631
2.269801094585379
1.7135895608588563
1.2134949715355299
0.765101162181921
0.36369963903246805
0.0044744120507997365
-0.3173598741649382
-0.6064584861519975
-0.8672785126970144
-1.1040357413103623
-1.320681047953163
-1.5208917449692607
-1.7080741369214063
-1.885374231860336
-2.0556941464737606
-2.221712234666846
-2.385905370257851
-2.550572135865686
-2.717855921182466
-2.889767122861411
-3.06820377200747
-3.2549699991858296
-3.4517917852195605
-3.6603294421285417
-3.882186225026936
-4.11891239512589
-4.372003939139361
-4.642895005744399
-4.932942952447694
-5.2434047180273735
-5.575403065540067
-5.929881107906002
-6.307543475655064
-6.708782576205092
-7.133588709818673
-7.5814434569356
-8.05119686434494
-8.540930674382295
-9.047812290821845
-9.567947432715416
-10.09624345105122
-10.626299827914075
-11.150346900845122
-11.659257438522971
-12.14265703692491
-12.589156850960713
-12.986724436996505
-13.323194575847092
-13.586902268504625
-13.767396892298787
-13.856174008479417
-13.847345137224682
-13.738161500570065
-13.529318777370179
-13.224996066134024
-12.832618923678565
-12.362375656038177
-11.826549209962753
-11.238747183241925
-10.613116675782434
-9.963620308783646
-9.303429349017938
-8.644465396471718
-7.997098869001769
-7.369994146202095
-6.770079256480517
-6.202612235189098
-5.6713155216366475
-5.178552373002332
-4.725523704129728
-4.31246879588178
-3.938858137287712
-3.6035708279562306
-3.3050522906650386
-3.0414505303158013
-2.8107309218580925
-2.6107706529686205
-2.439434627680905
-2.2946349803385555
-2.174376458333368
-2.076789886974928
-2.0001557896439035
-1.9429200432092715
-1.9037032314589064
-1.881305137111664
-1.8747055978709963
-1.8830627509662787
-1.9057095072562913
-1.9421489314046823
-1.9920490584199848
-2.055237547412296
-2.1316964584112004
-2.2215573346077138
-2.325096677073839
-2.4427318081277036
-2.5750170289060925
-2.7226398818092292
-2.886417224252331
-3.067290701042113
-3.266321062635335
-3.4846806090621585
-3.723642837797245
-3.9845681321309705
-4.268884039836771
-4.578058358454591
-4.913562867415196
-5.276825142500222
-5.6691654845629795
-6.091715645787589
-6.545315831296672
-7.030386526779024
-7.54677224849445
-8.093555592802465
-8.668842305120833
-9.269521857262841
-9.891013550895869
-10.527015626958601
-11.169284065911524
-11.807477885850007
-12.429117037915615
-13.019704619869069
-13.56306328981371
-14.041922435121768
-14.438764991047762
-14.736901113265164
-14.921685482302339
-14.981746700837224
-14.910065563611438
-14.704737558457607
-14.369290574837542
-13.91249692863098
-13.347703532845637
-12.691783174617973
-11.96386322175596
-11.184004775267034
-10.371986505462367
-9.546304060326676
-8.723443031118592
-7.917434470275428
-7.139665362652837
-6.398895093644187
-5.701421365028224
-5.051341452360599
-4.450862993707258
-3.9006291296196647
-3.400033359102818
-2.947508587322544
-2.5407819891364634
-2.1770924919320622
-1.8533711572883262
-1.5663868771696805
-1.3128609561239828
-1.0895546328641663
-0.8933336413749953
-0.7212136972762078
-0.5703904397501873
-0.43825694196051435
-0.3224114730413249
-0.22065778164183583
-0.13099979051282748
-0.051632251070717644
0.01907139159096516
0.08257293007643421
0.14018434804548155
0.19308320484800562
0.2423280131735963
0.2888732964920218
0.33358411438809527
0.3772499249600337
0.4205977173985231
0.4643043975110296
0.5090084467855832
0.5553209037554088
0.6038357367698017
0.6551396913370533
0.709821704238096
0.7684819816023434
0.8317408398198424
0.9002474070136166
0.9746882790342176
1.055796217515697
1.1443589680998687
1.2412282637990906
1.3473290605163817
1.4636690273513058
1.5913482812196456
1.7315693104108134
1.8856469708568433
2.0550183566165097
2.241252235239119
2.4460575900465615
2.671290613247679
2.918959231577349
3.1912239021003117
3.4903929691779383
3.8189103014143657
4.179332206694582
4.574289735622889
5.006431422725512
5.478340301036679
5.992417728022685
6.550725330024658
7.154775488204859
7.805260719978956
8.501713779445778
9.242094336659997
10.022306021461173
10.835660900081754
11.672328299510863
12.518831471832605
13.3576868098706
14.16731037461565
14.922334740827164
15.594470636244981
16.15399682730826
16.571859317555443
16.822215193788793
16.88509959466982
16.748779592591514
16.411342322679424
15.881176516942709
15.17622767779382
14.322169858930739
13.349853937337821
12.292497079581501
11.183053790729925
10.052087357935577
8.926298792241147
7.827722081104
6.7734915568376985
5.776036878174704
4.843554040049298
3.9806207897216215
3.1888565608796475
2.4675597482811
1.8142829617839262
1.2253277314623106
0.6961541807780611
0.22170968956006754
-0.2033149620395437
-0.5842916891883165
-0.9265129989497762
-1.2350919781998242
-1.5148957992913124
-1.7705054230510346
-2.006195389427555
-2.2259286771157587
-2.4333625560690577
-2.6318621487223903
-2.8245190675539393
-3.014173023834835
-3.20343472135154
-3.394708674626722
-3.5902148368689333
-3.792008099717434
-4.001994844285106
-4.221945789285706
-4.453504404786917
-4.698190147090744
-4.957395730138965
-5.23237759250237
-5.5242386607180105
-5.833902468839506
-6.162077696824904
-6.509212271875965
-6.8754363825375275
-7.2604941417992
-7.663664268885628
-8.083671111091384
-8.518588662860793
-8.965742002243228
-9.421612747713489
-9.881757647564145
-10.340752027473108
-10.792172149863909
-11.228632005967269
-11.641889933350331
-12.023037932420833
-12.362780977276179
-12.651804710761054
-12.881218111779539
-13.043044377924517
-13.130720658043064
-13.139558271941635
-13.067112453319632
-12.913416256715529
-12.681047131735362
-12.375014760343246
-12.00248132919719
-11.572345993409831
-11.094739947145456
-10.580484926703896
-10.040565898705538
-9.485659762854231
-8.925748888820094
-8.369834197629064
-7.825749756741443
-7.300071030929309
-6.7981025970363085
-6.323928101776611
-5.880504866429688
-5.469786994711403
-5.092863330504326
-4.750099503724146
-4.441276150071568
-4.165717927431902
-3.92241005340551
-3.710100727993167
-3.527389015043789
-3.372798597380938
-3.2448383646750845
-3.1420511087162812
-3.063051747789215
-3.006556529613281
-2.9714046093184443
-2.95657329416978
-2.9611881112554586
-2.984528702782811
-3.026031395721195
-3.085289134272283
-3.162049308200851
-3.2562098584803256
-3.367813893496196
-3.497042902568207
-3.64420850636793
-3.8097425330154224
-3.994185051195175
-4.198169824782549
-4.4224064753255945
-4.667658449072955
-4.934715686710617
-5.2243606936760365
-5.537326520648063
-5.874245010913766
-6.235583590223586
-6.621568918950813
-7.0320959702280925
-7.466621638956508
-7.924042945322365
-8.402561407752483
-8.899537355408123
-9.411340922062676
-9.933210209877732
-10.459131459677941
-10.981760576796361
-11.492409254373193
-11.981121044938032
-12.43686158988965
-12.847841310725656
-13.201977097219437
-13.487481840657889
-13.69354865645214
-13.811073879702407
-13.83334457029736
-13.75660793926167
-13.58044603884598
-13.307900273808475
-12.94532362398098
-12.501977056143128
-11.989421876492356
-11.420784175811983
-10.809976798465097
-10.170958428727108
-9.517092063823364
-8.86064188544883
-8.212423907277445
-7.58160591746948
-6.975638320662936
-6.400289852119878
-5.859759870084733
-5.356840519130228
-4.893105923326769
-4.469110397920471
-4.084582530131358
-3.7386063176301714
-3.4297841107265965
-3.1563788296198485
-2.9164348893054983
-2.707878585894958
-2.5285995174198153
-2.376515058624638
-2.2496200917710034
-2.146024200272943
-2.0639784239492336
-2.001893500732469
-1.9583513125364949
-1.9321110346380397
-1.9221112725137157
-1.927469266130814
-1.9474780538396714
-1.9816023181662352
-2.02947348400436
-2.0908845047285207
-2.1657846514682446
-2.2542745124405594
-2.35660130956107
-2.4731545448533776
-2.6044618953436425
-2.7511851776256764
-2.914116097112146
-3.0941713766601917
-3.292386718812645
-3.509908889001895
-3.7479850073080865
-4.007947897805725
-4.291196062712597
-4.599166522175729
-4.933298394121817
-5.294984696543558
-5.685509466911325
-6.1059669636877505
-6.557159530515985
-7.039470797483043
-7.552711456189601
-8.09593613134735
-8.667232197310758
-9.263485102734863
-9.880130185745232
-10.510908240938246
-11.14765103641208
-11.78013275487306
-12.396032241222516
-12.981056227507132
-13.519271727460051
-13.993682695475767
-14.387059137729374
-14.682986492014805
-14.86705438290269
-14.928057232493225
-14.859048590362253
-14.658089503422712
-14.328565324953194
-13.879010832532348
-13.322465240686883
-12.675455433792399
-11.9567580471075
-11.186108170583815
-10.383005276288463
-9.565725705867612
-8.75060005356772
-7.951566091541368
-7.179971874170681
-6.444582285091543
-5.751734307469652
-5.10558819951617
-4.50842952377159
-3.960987180249451
-3.4627428389311676
-3.012216098209697
-2.607216757289964
-2.2450607462482655
-1.9227497474201853
-1.6371167106505402