-5.9
-5.832247431114758
-5.791976368654345
-5.777898101025997
-5.788829960729324
-5.823691018309519
-5.881493815570189
-5.961332379178935
-6.06236669283867
-6.183803750731789
-6.324875275162941
-6.484812165668509
-6.662815764356807
-6.8580260826228
-7.069487247859366
-7.296110605393492
-7.536636159184977
-7.789593359939054
-8.053262649967458
-8.32563963913077
-8.60440428999126
-8.88689798892653
-9.170111807901634
-9.450689531478279
-10.504763121007475
-10.763683344450195
-10.999373547457054
-11.206846096537166
-11.38130617081843
-11.518336423370302
-11.61408885464467
-11.665470685662067
-11.670309622748222
-11.627484101609317
-11.537006101080621
-11.400047833330994
-11.218908625710723
-10.996923919865353
-10.738323703453165
-10.448052076965226
-10.131562464583283
-9.794603935322598
-9.44301327448512
-9.082525180063657
-8.718609768640775
-8.356343019852893
-8.000312364108826
-7.654556689325534
-7.341214936907919
-7.020554027506308
-6.719503022504285
-6.4398093808209955
-6.182748844908684
-5.9491816785316844
-5.739612012785411
-5.554247249206871
-5.393055217482523
-5.2558174551014
-5.142177544010404
-5.051683897863981
-4.98382674655892
-4.938069322468789
-4.913873428235577
-4.910719673026247
-4.92812271612016
-4.965641865536397
-5.022887355505141
-5.099522578709572
-5.195262484766609
-5.309868281717787
-5.443138498064769
-5.594896384625362
-5.7969564728926875
-5.980892845619985
-6.182902070619862
-6.402660271703096
-6.63975091985329
-6.89362746467939
-7.163571721432918
-7.448648399071919
-7.747656523247432
-8.059078998606612
-8.381032172877125
-8.711218001784207
-9.046882237592826
-9.38478291267809
-9.721174162176622
-10.05181098325814
-10.371980681178286
-10.676566299804312
-10.960146081693674
-11.217130812328413
-11.441937754279476
-11.629195926186329
-11.773973101245195
-11.872010676338036
-11.970658021105095
-11.961500975974229
-11.898925492312609
-11.783238029605139
-11.61612121254633
-11.400571824035195
-11.140767869218664
-10.841876300880152
-10.509818240414434
-10.15101138251268
-9.772109536354415
-9.379757207627547
-8.980373390386081
-8.579974107214666
-8.18403848300227
-7.797418878373009
-7.424292235208424
-7.0681474616177224
-6.73180238258554
-6.417443355884921
-6.126680889663743
-5.8606152769765245
-5.619907185527825
-5.404849150913627
-5.185354334587039
-5.026575331326126
-4.891995845309372
-4.781168576528644
-4.6935619805913795
-4.628599355967174
-4.585691423918186
-4.564262772607355
-4.563772616602829
-4.583730347550104
-4.623706334279103
-4.683338381868695
-4.7623341879186825
-4.8604700474311695
-4.97758596090168
-5.113577198241904
-5.268382268457938
-5.441967146299929
-5.6343055179643375
-5.845354735498615
-6.075027123217463
-6.323156271540109
-6.589458000120209
-6.873485792806727
-7.1013964185792435
-7.426367807960226
-7.765222902406328
-8.1165065248402
-8.478288115803885
-8.848104626123092
-9.222910381445
-9.599039706898619
-9.972189210704324
-10.337427419384568
-10.689239656932807
-11.02161535335394
-11.328183060002203
-11.602395145000843
-11.837759445562693
-12.028109363007903
-12.167897646654614
-12.25249339168293
-12.278457725060843
-12.24377236544256
-12.147997451193131
-11.992340842080598
-11.779629862701395
-11.5141868346213
-11.230050265838074
-10.864470440175085
-10.4666355610231
-10.044311990845438
-9.605304890236424
-9.157176984368904
-8.707017375894875
-8.261267442590833
-7.82560475996051
-7.404881180845572
-7.003107941072394
-6.623478899201538
-6.268422521954264
-5.9396736667938725
-5.638357252946007
-5.365077259049283
-5.120005914826328
-4.902969312531434
-4.713526861339474
-4.551043003019329
-4.414750392894821
-4.303804339978899
-4.21732871905935
-4.154453844284509
-4.135390793474526
-4.115038582738111
-4.116070737979116
-4.137878195447446
-4.179949921028827
-4.24187732241856
-4.323354967829744
-4.42417791638628
-4.5442358374113505
-4.683503964129081
-4.842030794374529
-5.019922319421621
-5.217322435487428
-5.43438907596848
-5.671265503651683
-5.928046132220512
-6.204736221228094
-6.501204829987453
-6.817130551810738
-7.151939815828533
-7.504737980192546
-7.874234091554322
-8.258661091693279
-8.655694439635072
-9.096507733102303
-9.511337395134127
-9.926711221200028
-10.337423796788533
-10.7374926541005
-11.1202241954133
-11.478338226102496
-11.80415772924595
-12.089865230167918
-12.327819765059914
-12.510919696863185
-12.632987604109193
-12.689145869062529
-12.67614724653908
-12.592625143048288
-12.439234308141618
-12.218663691549304
-11.935517681270472
-11.596077253769497
-11.20796594120068
-10.779754646948165
-10.320542968276518
-9.839552825905116
-9.345763957507408
-8.853658669720902
-8.356154134509977
-7.868852673634057
-7.397498274526311
-6.946801977041288
-6.520472082711207
-6.121281344701749
-5.751159044873397
-5.411297417574642
-5.102263830545652
-4.824112153793545
-4.576488624008801
-4.3587291282516025
-4.169946141387065
-4.009104559706002
-3.875086408218001
-3.766744903611465
-3.6829486739711084
-3.6226171122542685
-3.584747909793096
-3.5684378086414608
-3.572897550904355
-3.597461907005508
-3.641595546052234
-3.7245795415927847
-3.7992926212889246
-3.8934804013459887
-4.007014249009257
-4.139891865094791
-4.292225634850545
-4.464228267657571
-4.656195340826297
-4.868484202891545
-5.101488535186528
-5.355607723299908
-5.631210063048787
-5.928588735853707
-6.247909461129252
-6.589148804009732
-6.952022332840521
-7.335902242308488
-7.739724755589393
-8.161888668307853
-8.600147867548408
-9.051502592572504
-9.5120965842999
-9.977129983209258
-10.44080061997685
-11.021282869953845
-11.455313594259536
-11.863852596409794
-12.237382508811923
-12.566106536276294
-12.84035616577442
-13.051071911524362
-13.19032420417484
-13.251828847285804
-13.231403675512306
-13.127312963224616
-12.940455179055563
-12.67436717401463
-12.33504090467016
-11.93057282663598
-11.470686323669131
-10.96618020463741
-10.428359690243827
-9.868500995003314
-9.29738894882205
-8.724952314157695
-8.160006645556365
-7.610102018804044
-7.081463964732077
-6.516601550746503
-6.055527388990309
-5.62600465813199
-5.229633185199147
-4.867194710434974
-4.538796975296669
-4.2440110336000885
-3.9819973388852548
-3.751618097357542
-3.551534846455867
-3.380291274566209
-3.2363820078713714
-3.1183085291848607
-3.0246236280650507
-2.9539658684002785
-2.9050855444980606
-2.876863514382013
-2.8683241752588793
-2.878643699308446
-2.907154490594322
-2.953346664059663
-3.0168671899641852
-3.097517193929996
-3.1952477543161306
-3.2583181717985354
-3.394513125317273
-3.5476223476227116
-3.7182359612759632
-3.907038260337913
-4.114795499746474
-4.342340303247336
-4.590551768733007
-4.860330146977075
-5.152564760610143
-5.46809362794592
-5.807653083689488
-6.171815581716799
-6.5609138776953
-6.974949996972343
-7.413487896738306
-7.875529657065501
-8.35937652790925
-8.862478364530956
-9.381278014547913
-9.911061097851126
-10.445826195738992
-10.978195315693657
-11.499388833208252
-12.005095826341718
-12.475763467881169
-12.900619981197531
-13.267254761857169
-13.563505667789517
-13.778177071102807
-13.9018026447191
-13.927374366802198
-13.85094957640554
-13.672053605670621
-13.393817852352628
-13.022828831318304
-12.568705322622604
-12.043458837351503
-11.46071894552105
-10.83491488864465
-10.180498367520263
-9.51127347777842
-8.839874571939523
-8.177407420796271
-7.533247902341442
-6.914977835485983
-6.328429772198721
-5.7778104938955
-5.325227580759389
-4.850806632719576
-4.416989926453861
-4.02345919542525
-3.6692317360754356
-3.352829653836967
-3.0724271823615554
-2.8259755938060973
-2.611306583675623
-2.4262158496700654
-2.268529029541531
-2.13615233468846
-2.0271102054509016
-1.9395721890169801
-1.8718710503881433
-1.8225139047616907
-1.7901879284565085
-1.7737619794360344
-1.7722852461023468
-1.7849838488820189
-1.811256145008876
-1.850667332804954
-1.9029438164107364
-1.9679676732306828
-2.0146610303176686
-2.1077092177197625
-2.2135613574507653
-2.3327352633068994
-2.4658750833809653
-2.6137493472480835
-2.7772488500270365
-2.9573839752463535
-3.1552809250993086
-3.372176164531837
-3.6094081876797954
-3.868405474546875
-4.150669216547198
-4.457749048190688
-4.791209630361248
-5.152585498881606
-5.543321145704565
-5.964692887433894
-6.417708779176081
-6.902982780469645
-7.420579765501492
-7.969829056943337
-8.54910629234083
-9.15558700099674
-9.802830155546085
-10.4501779875019
-11.105847657492959
-11.759637233091635
-12.399093016733927
-13.009597091408924
-13.574672596045442
-14.076550314840341
-14.497013405625061
-14.818494512756574
-15.025345781669872
-15.105148332637741
-15.049889189677495
-14.856826165678099
-14.528893870442506
-14.07457383989222
-13.507242724357818
-12.844100432494688
-12.104842043965917
-11.310259707483185
-10.480943600625304
-9.636205611487073
-8.793292181994401
-7.966898921886357
-7.199256491883139
-6.4331061631318525
-5.711806292583331
-5.039615262896763
-4.418803009674926
-3.8499964801351343
-3.3325135631686966
-2.8646688818639245
-2.4440426295153
-2.0677092288034826
-1.7324263125323422
-1.4347867771684
-1.1713378510236514
-0.938671587610767
-0.7334912036644362
-0.5526574195383496
-0.39321855609037365
-0.2524276803929498
-0.1277496241010626
-0.016860252732572065
0.08236004303528362
0.17183702501853404
0.2533161607295009
0.32837802961009754
0.35398488014502855
0.4241246175495919
0.49105157438863256
0.5559385173004954
0.6198648254285861
0.6838331326249887
0.7487852049485393
0.815617037510953
0.885193195714153
0.9583604552055368
1.0359608142868135
1.1188439634396963
1.2078793000291892
1.3039675726051303
1.408052228547773
1.5211305205547536
1.644264400487798
1.7785911915059054
1.9253339784579873
2.085811588393727
2.2614479427083185
2.4537804432709307
2.6644668985080666
2.8952902913884544
3.146205899373459
3.425928657883363
3.731613575273292
4.065565871517613
4.430149600284095
4.827744909280253
5.260685260364169
5.7311690289560975
6.241138944938751
6.792122079814212
7.385022824200254
8.019861996807455
8.695457544754854
9.409047112213326
10.15586109807518
10.92866767523199
11.717329124652267
12.508431113704493
13.285070494584103
14.026907058244802
14.710591305911533
15.310662297492398
15.800956896913444
16.1564814571422
16.31833263148345
16.352018503419586
16.204375952785742
15.875078151801668
15.372554545533884
14.713276649703495
13.920190712864624
13.020586828107449
12.043768317134758
11.018864759188016
9.973040351587088
8.930227143389601
7.910398692265188
6.929317773503096
5.998648703420772
5.1263149726804365
4.316995005744155
3.5726716983146525
2.8931764762282586
2.2766909717625237
1.7201868969211151
1.2197970469851616
0.7711182965143145
0.3694519957731862
0.023999737211444896
-0.3034466526079449
-0.5975526544805725
-0.8628481925073286
-1.103616988499765
-1.3238726606655509
-1.5273500134492601
-1.7175076965524407
-1.8975391256734797
-2.07038916152785
-2.2387745448867546
-2.4052064941025657
-2.5720141985971137
-2.741368196943803
-2.915302820001079
-3.0957370151092314
-3.284492952300359
-3.4833118522188915
-3.6938664714551996
-3.9177696370701516
-4.156578140890519
-4.411791188866794
-4.684842456090403
-4.977084631529538
-5.172110784641829
-5.511389254354952
-5.871775960101863
-6.254192282837175
-6.659220620642641
-7.087019389426301
-7.537220773535413
-8.008811759388903
-8.500000673660383
-9.008073864119078
-9.529250384171766
-10.058546534754194
-10.589666643179017
-11.114940986648136
-11.625335394438574
-12.110558499337294
-12.559290305373823
-12.959548199957002
-13.299192855807798
-13.566556985949141
-13.751156810616804
-13.844423537649375
-13.840375723982481
-13.736148629898162
-13.532307181522798
-13.232894801656517
-12.84520670647779
-12.379315507830071
-11.84741034897782
-11.263031399254961
-10.640286249595032
-9.99312482238356
-9.33472934308386
-8.677051588191308
-8.030506383648234
-7.4038118287014285
-6.803954561134603
-6.236252439217146
-5.704486099680798
-5.211073347796371
-4.757264696445512
-4.343343370874076
-3.9688179106851025
-3.632599670686387
-3.3331608630702383
-3.0686712901497297
-2.837113683326636
-2.6363787249047754
-2.4643415245051945
-2.3189216766634293
-2.1981291441255664
-2.100098172735189
-2.0231113082034002
-1.9656153950058168
-1.9262312224307476
-1.90375826180828
-1.8971757244275425
-1.9056409687882687
-1.928486102304553
-1.9652134576370337
-2.015490477076339
-2.079144408305252
-2.156157099109794
-2.246660074294157
-2.350929981829182
-2.4693844033731636
-2.6025779325912493
-2.7511983285807053
-2.916062446127686
-3.0981115239167325
-3.2984052701346958
-3.5181140157193855
-3.7585080022619497
-4.020942628216703
-4.306838189050426
-4.617652312971824
-4.954842918620606
-5.319819119429328
-5.713877102335026
-6.13811767154169
-6.593341961492869
-7.079921924731546
-7.597642786937973
-8.145515997376432
-8.721563615294375
-9.322578922347232
-9.943873661622334
-10.57902982990557
-11.219683170531537
-11.855375561610357
-12.473522573978553
-13.059547704639169
-13.597232379901179
-14.06931679905754
-14.458358356323485
-14.74781227228147
-14.923248743333156
-14.973573410870246
-14.892087770301972
-14.677226608425533
-14.332846919500865
-13.868011897134817
-13.29629822792069
-12.63473285856978
-11.902516897052429
-11.119709044722306
-10.306020685553586
-9.479830676587332
-8.657475000719616
-7.852818009021687
-7.077076183338622
-6.33884477945883
-5.64427074083019
-4.997318119112385
-4.400080734187588
-3.8531074843746485
-3.355716215555847
-2.9062810755386104
-2.5024853222571632
-2.14153663495954
-1.8203453711440836
-1.5356682846130179
-1.2842213296256746
-1.062765626328759
-0.8681706887812102
-0.6974587899217056
-0.547833975444345
-0.41669881794022556
-0.3016615719785326
-0.20053597832403405
-0.11133558644060111
-0.032264125753308004
0.03829684028511127
0.10180199853686299
0.1595573469522827
0.212735651679898
0.2623918712207465
0.30947824190608697
0.35485881901557703
0.3993233477961282
0.44360040162113523
0.4883697733461036
0.5342741430347956
0.5819300727853103
0.631938399196503
0.6848941075990247
0.7413957807639768
0.8020547193565501
0.8675038326216714
0.9384063961155281
1.0154647689096867
1.0994291554919822
1.1911064871568509
1.291369483240532
1.4011659328988677
1.5215282114903803
1.6535830095751263
1.7985612037635945
1.9578077327401164
2.1327912529379054
2.3251132290104546
2.536515954740164
2.7688887881136672
3.0242716048322067
3.304854109297774
3.6129691700902686
3.951077745378394
4.321742210717878
4.727583981423622
5.1712202334875474
5.655173300719472
6.181745045988476
6.752847346227199
7.369779109150122
8.032940470423435
8.741476783904107
9.492849800287209
10.282342388663167
11.10251772795852
11.942675127570324
12.788372322122141
13.621115487395128
14.418346632156819
15.153871867125996
15.798857894069158
16.32346290917061
16.69905568000775
16.90082521217951
16.910430109677755
16.718237156374123
16.324706287353415
15.740616100448102
14.986061199346155
14.08841537500392
13.079655678042009
11.993522740137653
10.862945110591669
9.718019169981435
8.584670729268337
7.483980948120966
6.432065222971336
5.440352654853934
4.516113779241488
3.663108528831917
2.882259983368723
2.1722923267537846
1.5302984861643214
0.9522226596952568
0.43325589211183924
-0.03184955500442488
-0.448537519084892
-0.8222661189147126
-1.1583761451401824
-1.4619999258008463
-1.738002180007822
-1.9909456802075858
-2.225075773553732
-2.44431890288504
-2.652291198249057
-2.8523139842612486
-3.047433680760192
-3.240444081604775
-3.4339093963545926
-3.6301867475877367
-3.8314470461895436
-4.039693329493664
-4.256775752438827
-4.484402478622497
-4.724145734614584
-4.977442275913998
-5.245587476689173
-5.529722210755039
-5.830811654945483
-6.1496151406342
-6.486646234503919
-6.842122384579277
-7.215903770738964
-7.607421508573528
-8.015596136129615
-8.438748428541823
-8.874506085467885
-9.31971173507189
-9.77033994553937
-10.221433378447252
-10.667070565544579
-11.100379582265015
-11.513612503852894
-11.898294232330963
-12.245455369973572
-12.545951825771057
-12.790863830196631
-12.971954828121799
-13.082158044268452
-13.116047854096053
-13.070247217851476
-12.943723652868584
-12.737935541859061
-12.456807144117862
-12.106531730860574
-11.695223765400858
-11.232458779889566
-10.7287503573199
-10.195016027331484
-9.642078541022192
-9.080238063901247
-8.518937204746864
-7.966527252663048
-7.430132582621681
-6.915602012481328
-6.427531165651503
-5.969338192947251
-5.543375783591297
-5.151064424272465
-4.79303461823347
-4.469268701736269
-4.179235631311705
-3.922014464651964
-3.6964041460056913
-3.501018638577148
-3.3343674715070653
-3.1949224565752914
-3.081171751837752
-2.9916626719093755
-2.925034723261631
-2.880044322290589
-2.855582568163901
-2.8506873167484437
-2.8645506541438763
-2.896522710674477
-2.9461125964198795
-3.0129870819937037
-3.0969674953427573
-3.1980251570415006
-3.3162755317439294
-3.4519711299867395
-3.6054930495891107
-3.7773408962473454
-3.9681206652899563
-4.178529998006493
-4.409340044502455
-4.661372970474452
-4.935473940485849
-5.232476202856004
-5.553157705876771
-5.898187516652426
-6.268060231307979
-6.6630166157272015
-7.082948978763165
-7.527290359326578
-7.994887633044202
-8.483860256956667
-8.991448710843088
-9.513859857253381
-10.04612042189759
-10.581954397256066
-11.113704915224181
-11.632325165926018
-12.12746500167189
-12.587678387343319
-13.00077024375804
-13.354288364266607
-13.63614701291964
-13.835345387424013
-13.942720293097096
-13.951653718215528
-13.858648445748004
-13.663692651834122
-13.3703583298444
-12.985614538342181
-12.51937729558347
-11.98385427973019
-11.392766574017232
-10.760537483363212
-10.10153046572097
-9.429398702129513
-8.756583812575313
-8.093976519987761
-7.450731840301632
-6.8342176516503965
-6.25006839121958
-5.702314018870241
-5.19355660710432
-4.72517130552876
-4.297513637117135
-3.9101201869677475
-3.561894210718653
-3.2512712936838577
-2.9763629102542186
-2.7350776573145716
-2.525221205882573
-2.3445767808106623
-2.190968374373477
-2.0623090379156412
-1.9566365636967318
-1.8721387314171163
-1.807170096862558
-1.760262075460848
-1.7301278423436275
-1.715663346035605
-1.7159455229713942
-1.7302286087099048
-1.7579392704467682
-1.7986711339492174
-1.8521791449193392
-1.9183740878012092
-1.9973174813977406
-2.089216977144353
-2.1944222989282607
-2.313421679020115
-2.446838658688446
-2.59542902964219
-2.760077588327505
-2.941794253466775
-3.141708951688131
-3.361064499828891
-3.601206498554559
-3.863568993884848
-4.149654356320916
-4.4610054704461115
-4.799167926830142
-5.165639479999828
-5.561803616609587
-5.988843729690815
-6.447634220074377
-6.938604999319738
-7.461576569240305
-8.015564392213342
-8.598553997020336
-9.207252563399894
-9.836828906474759
-10.48066192997845
-11.130127369253161
-11.774462889484296
-12.400760215600377
-12.994136722121116
-13.53813380757755
-14.015371621530539
-14.408457365908784
-14.701099384040377
-14.87932883964443
-14.93268728643586
-14.85521629505347
-14.64609593557198
-14.309825128214536
-13.855910029912852
-13.298108542423842
-12.653348393013163
-11.940476483683685
-11.17900200410583
-10.387969816332077
-9.585055887566618
-8.785927013423237
-8.003863949151732
-7.249616565955947
-6.531443093126048
-5.855280829954145
-5.224999308027154
-4.642695060866367
-4.108996953545892
-3.6233604764544656
-3.1843374620735827
-2.7898139619105673
-2.437213560931907
-2.1236664587944527